SKILL.md	1396697274f24367dd7c46ab0aad4b19428ba8f9d3a6890ec2cbfc1fb0b14b15	14428